11886 0.59852 110              *
11537 0.58094  17   *
11409 0.57450 145                   *
11407 0.57440 143                  *
11421 0.57510 157                    *
11416 0.57485 152                    *
11406 0.57435 142                  *
11396 0.57384 132                 *
11395 0.57379 131                 *
11341 0.57107  77          *
11342 0.57112  78          *
11348 0.57143  84           *
11340 0.57102  76          *
11338 0.57092  74          *
11309 0.56946  45      *
11280 0.56800  16   *
11304 0.56921  40      *
11305 0.56926  41      *
11307 0.56936  43      *
11293 0.56866  29    *
11273 0.56765   9  *
11239 0.56594 231                             *
11233 0.56564 225                             *
11234 0.56569 226                             *
11245 0.56624 237                              *
11248 0.56639 240                               *
11241 0.56604 233                              *
11206 0.56428 198                         *
11202 0.56407 194                         *
11204 0.56417 196                         *
11222 0.56508 214                           *
11226 0.56528 218                            *
11220 0.56498 212                           *
11186 0.56327 178                       *
11132 0.56055 124                *
11137 0.56080 129                 *
11178 0.56287 170                      *
11188 0.56337 180                       *
11187 0.56332 179                       *
11140 0.56095 132                 *
11124 0.56015 116               *
11076 0.55773  68         *
11129 0.56040 121                *
11148 0.56135 140                  *
11199 0.56392 191                        *
11077 0.55778  69         *
11039 0.55587  31    *
11057 0.55677  49       *
11117 0.55979 109              *
11152 0.56156 144                   *
11144 0.56115 136                  *
11040 0.55592  32     *
11036 0.55572  28    *
11049 0.55637  41      *
11060 0.55692  52       *
11084 0.55813  76          *
11123 0.56010 115               *
11019 0.55486  11  *
11013 0.55456   5 *
11005 0.55415 253                                *
11009 0.55436   1 *
11042 0.55602  34     *
11131 0.56050 123                *
11049 0.55637  41      *
11036 0.55572  28    *
11025 0.55516  17   *
11024 0.55511  16   *
11017 0.55476   9  *
11019 0.55486  11  *
11017 0.55476   9  *
10998 0.55380 246                               *
11014 0.55461   6 *
10997 0.55375 245                               *
11004 0.55410 252                                *
11006 0.55420 254                                *
11024 0.55511  16   *
11012 0.55451   4 *
10992 0.55350 240                               *
10990 0.55340 238                              *
10994 0.55360 242                               *
11000 0.55390 248                                *
11014 0.55461   6 *
11018 0.55481  10  *
11004 0.55410 252                                *
10994 0.55360 242                               *
10982 0.55300 230                             *
10989 0.55335 237                              *
11000 0.55390 248                                *
11003 0.55405 251                                *
10979 0.55285 227                             *
10980 0.55290 228                             *
10980 0.55290 228                             *
10985 0.55315 233                              *
10994 0.55360 242                               *
10993 0.55355 241                               *
10985 0.55315 233                              *
10981 0.55295 229                             *
10988 0.55330 236                              *
10998 0.55380 246                               *
10999 0.55385 247                               *
10998 0.55380 246                               *
10993 0.55355 241                               *
10988 0.55330 236                              *
10994 0.55360 242                               *
11000 0.55390 248                                *
10998 0.55380 246                               *
11003 0.55405 251                                *
10999 0.55385 247                               *
10992 0.55350 240                               *
12920 0.65058 120                *
11835 0.59595  59        *
11368 0.57243 104              *
11278 0.56790  14  *
11225 0.56523 217                            *
12410 0.62490 122                *
11944 0.60144 168                      *
11784 0.59338   8  *
12352 0.62198  64         *
11417 0.57490 153                    *
11175 0.56271 167                     *
10992 0.55350 240                               *
10894 0.54856 142                  *
10817 0.54469  65         *
10751 0.54136 255                                *
10693 0.53844 197                         *
10642 0.53588 146                   *
10599 0.53371 103             *
10555 0.53149  59        *
10522 0.52983  26    *
10491 0.52827 251                                *
10460 0.52671 220                            *
10430 0.52520 190                        *
10397 0.52354 157                    *
10367 0.52203 127                *
10337 0.52052  97             *
10313 0.51931  73          *
10252 0.51624  12  *
13041 0.65668 241                               *
13081 0.65869  25    *
13093 0.65930  37     *
13082 0.65874  26    *
13065 0.65789   9  *
13052 0.65723 252                                *
13040 0.65663 240                               *
13030 0.65612 230                             *
13022 0.65572 222                            *
13018 0.65552 218                            *
13015 0.65537 215                           *
13011 0.65517 211                           *
13008 0.65501 208                           *
13006 0.65491 206                          *
13005 0.65486 205                          *
13004 0.65481 204                          *
13003 0.65476 203                          *
13002 0.65471 202                          *
13003 0.65476 203                          *
13002 0.65471 202                          *
13002 0.65471 202                          *
13000 0.65461 200                          *
12999 0.65456 199                         *
12997 0.65446 197                         *
12997 0.65446 197                         *
12997 0.65446 197                         *
12999 0.65456 199                         *
12996 0.65441 196                         *
12989 0.65406 189                        *
12995 0.65436 195                         *
12995 0.65436 195                         *
12997 0.65446 197                         *
12998 0.65451 198                         *
12998 0.65451 198                         *
12999 0.65456 199                         *
12999 0.65456 199                         *
12998 0.65451 198                         *
12997 0.65446 197                         *
12998 0.65451 198                         *
12997 0.65446 197                         *
12997 0.65446 197                         *
12997 0.65446 197                         *
12996 0.65441 196                         *
12997 0.65446 197                         *
12996 0.65441 196                         *
12995 0.65436 195                         *
12995 0.65436 195                         *
12995 0.65436 195                         *
12994 0.65431 194                         *
12994 0.65431 194                         *
12995 0.65436 195                         *
12993 0.65426 193                         *
12994 0.65431 194                         *
12992 0.65421 192                         *
12993 0.65426 193                         *
12991 0.65416 191                        *
12990 0.65411 190                        *
12991 0.65416 191                        *
12990 0.65411 190                        *
12990 0.65411 190                        *
12990 0.65411 190                        *
12989 0.65406 189                        *
12990 0.65411 190                        *
12989 0.65406 189                        *
12989 0.65406 189                        *
12990 0.65411 190                        *
12990 0.65411 190                        *
12991 0.65416 191                        *
12992 0.65421 192                         *
12993 0.65426 193                         *
12993 0.65426 193                         *
12994 0.65431 194                         *
12993 0.65426 193                         *
12993 0.65426 193                         *
12994 0.65431 194                         *
12996 0.65441 196                         *
12994 0.65431 194                         *
12996 0.65441 196                         *
12994 0.65431 194                         *
12992 0.65421 192                         *
12994 0.65431 194                         *
12993 0.65426 193                         *
12993 0.65426 193                         *
12995 0.65436 195                         *
12993 0.65426 193                         *
12995 0.65436 195                         *
12994 0.65431 194                         *
12996 0.65441 196                         *
12997 0.65446 197                         *
12994 0.65431 194                         *
12995 0.65436 195                         *
12996 0.65441 196                         *
12996 0.65441 196                         *
12997 0.65446 197                         *
12996 0.65441 196                         *
12996 0.65441 196                         *
12998 0.65451 198                         *
12997 0.65446 197                         *
12997 0.65446 197                         *
12996 0.65441 196                         *
12997 0.65446 197                         *
12996 0.65441 196                         *
12994 0.65431 194                         *
12994 0.65431 194                         *
12993 0.65426 193                         *
12992 0.65421 192                         *
12992 0.65421 192                         *
12992 0.65421 192                         *
12992 0.65421 192                         *
12993 0.65426 193                         *
12993 0.65426 193                         *
12994 0.65431 194                         *
12995 0.65436 195                         *
12995 0.65436 195                         *
12996 0.65441 196                         *
12997 0.65446 197                         *
12997 0.65446 197                         *
12998 0.65451 198                         *
12998 0.65451 198                         *
13000 0.65461 200                          *
13001 0.65466 201                          *
13001 0.65466 201                          *
13001 0.65466 201                          *
13002 0.65471 202                          *
13002 0.65471 202                          *
13000 0.65461 200                          *
13000 0.65461 200                          *
13000 0.65461 200                          *
13001 0.65466 201                          *
13002 0.65471 202                          *
13000 0.65461 200                          *
13002 0.65471 202                          *
13003 0.65476 203                          *
13003 0.65476 203                          *
13004 0.65481 204                          *
13005 0.65486 205                          *
13005 0.65486 205                          *
13005 0.65486 205                          *
13005 0.65486 205                          *
13006 0.65491 206                          *
13006 0.65491 206                          *
13007 0.65496 207                          *
13007 0.65496 207                          *
13007 0.65496 207                          *
13008 0.65501 208                           *
13007 0.65496 207                          *
13008 0.65501 208                           *
13009 0.65507 209                           *
13009 0.65507 209                           *
13009 0.65507 209                           *
13010 0.65512 210                           *
13009 0.65507 209                           *
13010 0.65512 210                           *
13011 0.65517 211                           *
13012 0.65522 212                           *
13012 0.65522 212                           *
13013 0.65527 213                           *
13012 0.65522 212                           *
13015 0.65537 215                           *
13013 0.65527 213                           *
13013 0.65527 213                           *
13014 0.65532 214                           *
13014 0.65532 214                           *
13014 0.65532 214                           *
13016 0.65542 216                            *
13015 0.65537 215                           *
13015 0.65537 215                           *
13016 0.65542 216                            *
13017 0.65547 217                            *
13018 0.65552 218                            *
13016 0.65542 216                            *
13017 0.65547 217                            *
13016 0.65542 216                            *
13018 0.65552 218                            *
13018 0.65552 218                            *
13019 0.65557 219                            *
13019 0.65557 219                            *
13018 0.65552 218                            *
13018 0.65552 218                            *
13019 0.65557 219                            *
13019 0.65557 219                            *
13020 0.65562 220                            *
13019 0.65557 219                            *
13020 0.65562 220                            *
13020 0.65562 220                            *
13020 0.65562 220                            *
13020 0.65562 220                            *
13021 0.65567 221                            *
13022 0.65572 222                            *
13022 0.65572 222                            *
13021 0.65567 221                            *
13022 0.65572 222                            *
13022 0.65572 222                            *
13021 0.65567 221                            *
13021 0.65567 221                            *
13023 0.65577 223                            *
13022 0.65572 222                            *
13021 0.65567 221                            *
13022 0.65572 222                            *
13023 0.65577 223                            *
13023 0.65577 223                            *
13024 0.65582 224                             *
13023 0.65577 223                            *
13024 0.65582 224                             *
13024 0.65582 224                             *
13024 0.65582 224                             *
13024 0.65582 224                             *
13025 0.65587 225                             *
13025 0.65587 225                             *
13024 0.65582 224                             *
13026 0.65592 226                             *
13026 0.65592 226                             *
13027 0.65597 227                             *
13027 0.65597 227                             *
13027 0.65597 227                             *
13027 0.65597 227                             *
13027 0.65597 227                             *
13025 0.65587 225                             *
13028 0.65602 228                             *
13029 0.65607 229                             *
13029 0.65607 229                             *
13029 0.65607 229                             *
13029 0.65607 229                             *
13030 0.65612 230                             *
13030 0.65612 230                             *
13031 0.65617 231                             *
13031 0.65617 231                             *
13031 0.65617 231                             *
13031 0.65617 231                             *
13032 0.65622 232                              *
13032 0.65622 232                              *
13032 0.65622 232                              *
13034 0.65632 234                              *
13032 0.65622 232                              *
13032 0.65622 232                              *
13032 0.65622 232                              *
13033 0.65627 233                              *
13033 0.65627 233                              *
13033 0.65627 233                              *
13033 0.65627 233                              *
13034 0.65632 234                              *
13034 0.65632 234                              *
13038 0.65653 238                              *
13035 0.65637 235                              *
13035 0.65637 235                              *
13035 0.65637 235                              *
13035 0.65637 235                              *
13037 0.65648 237                              *
13035 0.65637 235                              *
13034 0.65632 234                              *
13035 0.65637 235                              *
13036 0.65642 236                              *
13035 0.65637 235                              *
13036 0.65642 236                              *
13037 0.65648 237                              *
13036 0.65642 236                              *
13036 0.65642 236                              *
13035 0.65637 235                              *
13035 0.65637 235                              *
13035 0.65637 235                              *
13034 0.65632 234                              *
13034 0.65632 234                              *
13035 0.65637 235                              *
13035 0.65637 235                              *
13035 0.65637 235                              *
13035 0.65637 235                              *
13037 0.65648 237                              *
13037 0.65648 237                              *
13037 0.65648 237                              *
13035 0.65637 235                              *
13036 0.65642 236                              *
13036 0.65642 236                              *
13036 0.65642 236                              *
13036 0.65642 236                              *
13037 0.65648 237                              *
13041 0.65668 241                               *
13037 0.65648 237                              *
13036 0.65642 236                              *
13036 0.65642 236                              *
13036 0.65642 236                              *
13035 0.65637 235                              *
13036 0.65642 236                              *
13037 0.65648 237                              *
13037 0.65648 237                              *
13037 0.65648 237                              *
13037 0.65648 237                              *
13038 0.65653 238                              *
13038 0.65653 238                              *
13039 0.65658 239                              *
13039 0.65658 239                              *
13040 0.65663 240                               *
13039 0.65658 239                              *
13040 0.65663 240                               *
13039 0.65658 239                              *
13041 0.65668 241                               *
13041 0.65668 241                               *
13039 0.65658 239                              *
13040 0.65663 240                               *
13041 0.65668 241                               *
13042 0.65673 242                               *
13039 0.65658 239                              *
13041 0.65668 241                               *
13041 0.65668 241                               *
13041 0.65668 241                               *
13042 0.65673 242                               *
13041 0.65668 241                               *
13042 0.65673 242                               *
13042 0.65673 242                               *
13043 0.65678 243                               *
13043 0.65678 243                               *
13043 0.65678 243                               *
13043 0.65678 243                               *
13042 0.65673 242                               *
13042 0.65673 242                               *
13043 0.65678 243                               *
13042 0.65673 242                               *
13043 0.65678 243                               *
13042 0.65673 242                               *
13043 0.65678 243                               *
13043 0.65678 243                               *
13043 0.65678 243                               *
13043 0.65678 243                               *
13043 0.65678 243                               *
13043 0.65678 243                               *
13043 0.65678 243                               *
13043 0.65678 243                               *
13043 0.65678 243                               *
13044 0.65683 244                               *
13043 0.65678 243                               *
13044 0.65683 244                               *
13044 0.65683 244                               *
13044 0.65683 244                               *
13043 0.65678 243                               *
13044 0.65683 244                               *
13045 0.65688 245                               *
13045 0.65688 245                               *
13045 0.65688 245                               *
13045 0.65688 245                               *
13045 0.65688 245                               *
13045 0.65688 245                               *
13044 0.65683 244                               *
13044 0.65683 244                               *
13044 0.65683 244                               *
13044 0.65683 244                               *
13044 0.65683 244                               *
13044 0.65683 244                               *
13044 0.65683 244                               *
13044 0.65683 244                               *
13045 0.65688 245                               *
13045 0.65688 245                               *
13046 0.65693 246                               *
13045 0.65688 245                               *
13045 0.65688 245                               *
13046 0.65693 246                               *
13046 0.65693 246                               *
13045 0.65688 245                               *
13045 0.65688 245                               *
13046 0.65693 246                               *
13046 0.65693 246                               *
13044 0.65683 244                               *
13046 0.65693 246                               *
13046 0.65693 246                               *
13045 0.65688 245                               *
13046 0.65693 246                               *
13047 0.65698 247                               *
13046 0.65693 246                               *
13048 0.65703 248                                *
13047 0.65698 247                               *
13047 0.65698 247                               *
13046 0.65693 246                               *
13045 0.65688 245                               *
13047 0.65698 247                               *
13046 0.65693 246                               *
13045 0.65688 245                               *
13046 0.65693 246                               *
13045 0.65688 245                               *
13044 0.65683 244                               *
13043 0.65678 243                               *
13044 0.65683 244                               *
13046 0.65693 246                               *
13044 0.65683 244                               *
13045 0.65688 245                               *
13045 0.65688 245                               *
13044 0.65683 244                               *
13044 0.65683 244                               *
13044 0.65683 244                               *
13044 0.65683 244                               *
13044 0.65683 244                               *
13045 0.65688 245                               *
13045 0.65688 245                               *
13044 0.65683 244                               *
13044 0.65683 244                               *
13046 0.65693 246                               *
13045 0.65688 245                               *
13045 0.65688 245                               *
13046 0.65693 246                               *
13046 0.65693 246                               *
13047 0.65698 247                               *
13047 0.65698 247                               *
13047 0.65698 247                               *
13047 0.65698 247                               *
13048 0.65703 248                                *
13048 0.65703 248                                *
13048 0.65703 248                                *
13048 0.65703 248                                *
13049 0.65708 249                                *
13048 0.65703 248                                *
13049 0.65708 249                                *
13049 0.65708 249                                *
13049 0.65708 249                                *
13049 0.65708 249                                *
13049 0.65708 249                                *
13049 0.65708 249                                *
13049 0.65708 249                                *
13049 0.65708 249                                *
13048 0.65703 248                                *
13049 0.65708 249                                *
13050 0.65713 250                                *
13050 0.65713 250                                *
13050 0.65713 250                                *
13049 0.65708 249                                *
13050 0.65713 250                                *
13051 0.65718 251                                *
13050 0.65713 250                                *
13050 0.65713 250                                *
13051 0.65718 251                                *
13050 0.65713 250                                *
13051 0.65718 251                                *
13051 0.65718 251                                *
13052 0.65723 252                                *
13050 0.65713 250                                *
13051 0.65718 251                                *
13052 0.65723 252                                *
13051 0.65718 251                                *
13051 0.65718 251                                *
13051 0.65718 251                                *
13052 0.65723 252                                *
13059 0.65758   3 *
13055 0.65738 255                                *
13052 0.65723 252                                *
13052 0.65723 252                                *
13052 0.65723 252                                *
13051 0.65718 251                                *
13053 0.65728 253                                *
13052 0.65723 252                                *
13053 0.65728 253                                *
13051 0.65718 251                                *
13052 0.65723 252                                *
13053 0.65728 253                                *
13052 0.65723 252                                *
13053 0.65728 253                                *
13053 0.65728 253                                *
13052 0.65723 252                                *
13052 0.65723 252                                *
13052 0.65723 252                                *
13052 0.65723 252                                *
13054 0.65733 254                                *
13052 0.65723 252                                *
13052 0.65723 252                                *
13052 0.65723 252                                *
13052 0.65723 252                                *
13052 0.65723 252                                *
13052 0.65723 252                                *
13053 0.65728 253                                *
13052 0.65723 252                                *
13052 0.65723 252                                *
13051 0.65718 251                                *
13054 0.65733 254                                *
13052 0.65723 252                                *
13054 0.65733 254                                *
13052 0.65723 252                                *
13051 0.65718 251                                *
13052 0.65723 252                                *
13052 0.65723 252                                *
13051 0.65718 251                                *
13052 0.65723 252                                *
13052 0.65723 252                                *
13052 0.65723 252                                *
13051 0.65718 251                                *
13052 0.65723 252                                *
13051 0.65718 251                                *
13051 0.65718 251                                *
13051 0.65718 251                                *
13052 0.65723 252                                *
13052 0.65723 252                                *
13053 0.65728 253                                *
13053 0.65728 253                                *
13054 0.65733 254                                *
13054 0.65733 254                                *
13055 0.65738 255                                *
13054 0.65733 254                                *
13054 0.65733 254                                *
13053 0.65728 253                                *
13055 0.65738 255                                *
13055 0.65738 255                                *
13055 0.65738 255                                *
13056 0.65743   0 *
13057 0.65748   1 *
13057 0.65748   1 *
13057 0.65748   1 *
13057 0.65748   1 *
13058 0.65753   2 *
13058 0.65753   2 *
13058 0.65753   2 *
13058 0.65753   2 *
13059 0.65758   3 *
13058 0.65753   2 *
13058 0.65753   2 *
13059 0.65758   3 *
13059 0.65758   3 *
13059 0.65758   3 *
13059 0.65758   3 *
13058 0.65753   2 *
13058 0.65753   2 *
13059 0.65758   3 *
13058 0.65753   2 *
13059 0.65758   3 *
13058 0.65753   2 *
13058 0.65753   2 *
13058 0.65753   2 *
13059 0.65758   3 *
13060 0.65763   4 *
13059 0.65758   3 *
13059 0.65758   3 *
13059 0.65758   3 *
13058 0.65753   2 *
13059 0.65758   3 *
13059 0.65758   3 *
13059 0.65758   3 *
13059 0.65758   3 *
13059 0.65758   3 *
13059 0.65758   3 *
13059 0.65758   3 *
13059 0.65758   3 *
13061 0.65768   5 *
13060 0.65763   4 *
13059 0.65758   3 *
13061 0.65768   5 *
13060 0.65763   4 *
13060 0.65763   4 *
13060 0.65763   4 *
13060 0.65763   4 *
13060 0.65763   4 *
13061 0.65768   5 *
13061 0.65768   5 *
13061 0.65768   5 *
13060 0.65763   4 *
13061 0.65768   5 *
13062 0.65773   6 *
13061 0.65768   5 *
13061 0.65768   5 *
13061 0.65768   5 *
13062 0.65773   6 *
13061 0.65768   5 *
13061 0.65768   5 *
13061 0.65768   5 *
13062 0.65773   6 *
13061 0.65768   5 *
13061 0.65768   5 *
13061 0.65768   5 *
13062 0.65773   6 *
13062 0.65773   6 *
13061 0.65768   5 *
13061 0.65768   5 *
13061 0.65768   5 *
13062 0.65773   6 *
13062 0.65773   6 *
13062 0.65773   6 *
13061 0.65768   5 *
13061 0.65768   5 *
13059 0.65758   3 *
13061 0.65768   5 *
13061 0.65768   5 *
13060 0.65763   4 *
13060 0.65763   4 *
13059 0.65758   3 *
13060 0.65763   4 *
13059 0.65758   3 *
13059 0.65758   3 *
13060 0.65763   4 *
13060 0.65763   4 *
13059 0.65758   3 *
13059 0.65758   3 *
13059 0.65758   3 *
13059 0.65758   3 *
13059 0.65758   3 *
13059 0.65758   3 *
13060 0.65763   4 *
13059 0.65758   3 *
13058 0.65753   2 *
13059 0.65758   3 *
13059 0.65758   3 *
13059 0.65758   3 *
13060 0.65763   4 *
13059 0.65758   3 *
13059 0.65758   3 *
13059 0.65758   3 *
13059 0.65758   3 *
13060 0.65763   4 *
13060 0.65763   4 *
13060 0.65763   4 *
13059 0.65758   3 *
13059 0.65758   3 *
13060 0.65763   4 *
13060 0.65763   4 *
13060 0.65763   4 *
13059 0.65758   3 *
13061 0.65768   5 *
13061 0.65768   5 *
13062 0.65773   6 *
13061 0.65768   5 *
13062 0.65773   6 *
13061 0.65768   5 *
13061 0.65768   5 *
13062 0.65773   6 *
13061 0.65768   5 *
13062 0.65773   6 *
13060 0.65763   4 *
13062 0.65773   6 *
13061 0.65768   5 *
13062 0.65773   6 *
13063 0.65778   7 *
13062 0.65773   6 *
13062 0.65773   6 *
13061 0.65768   5 *
13061 0.65768   5 *
13061 0.65768   5 *
13061 0.65768   5 *
13060 0.65763   4 *
13061 0.65768   5 *
13061 0.65768   5 *
13061 0.65768   5 *
13061 0.65768   5 *
13061 0.65768   5 *
13060 0.65763   4 *
13061 0.65768   5 *
13061 0.65768   5 *
13060 0.65763   4 *
13061 0.65768   5 *
13060 0.65763   4 *
13060 0.65763   4 *
13060 0.65763   4 *
13060 0.65763   4 *
13060 0.65763   4 *
13060 0.65763   4 *
13060 0.65763   4 *
13059 0.65758   3 *
13061 0.65768   5 *
13060 0.65763   4 *
13060 0.65763   4 *
13060 0.65763   4 *
13060 0.65763   4 *
13060 0.65763   4 *
13062 0.65773   6 *
13061 0.65768   5 *
13061 0.65768   5 *
13060 0.65763   4 *
13061 0.65768   5 *
13060 0.65763   4 *
13061 0.65768   5 *
13060 0.65763   4 *
13060 0.65763   4 *
13061 0.65768   5 *
13059 0.65758   3 *
13059 0.65758   3 *
13060 0.65763   4 *
13059 0.65758   3 *
13059 0.65758   3 *
13060 0.65763   4 *
13059 0.65758   3 *
13059 0.65758   3 *
13059 0.65758   3 *
13060 0.65763   4 *
13059 0.65758   3 *
13059 0.65758   3 *
13059 0.65758   3 *
13059 0.65758   3 *
13058 0.65753   2 *
13058 0.65753   2 *
13058 0.65753   2 *
13058 0.65753   2 *
13058 0.65753   2 *
13058 0.65753   2 *
13059 0.65758   3 *
13059 0.65758   3 *
13059 0.65758   3 *
13058 0.65753   2 *
13058 0.65753   2 *
13058 0.65753   2 *
13059 0.65758   3 *
13059 0.65758   3 *
13059 0.65758   3 *
13058 0.65753   2 *
13060 0.65763   4 *
13058 0.65753   2 *
13058 0.65753   2 *
13058 0.65753   2 *
13058 0.65753   2 *
13057 0.65748   1 *
13058 0.65753   2 *
13059 0.65758   3 *
13059 0.65758   3 *
13059 0.65758   3 *
13059 0.65758   3 *
13058 0.65753   2 *
13059 0.65758   3 *
13059 0.65758   3 *
13059 0.65758   3 *
13057 0.65748   1 *
13059 0.65758   3 *
13059 0.65758   3 *
13060 0.65763   4 *
13059 0.65758   3 *
13059 0.65758   3 *
13060 0.65763   4 *
13060 0.65763   4 *
13061 0.65768   5 *
13060 0.65763   4 *
13060 0.65763   4 *
13059 0.65758   3 *
13061 0.65768   5 *
13059 0.65758   3 *
13061 0.65768   5 *
13061 0.65768   5 *
13060 0.65763   4 *
13061 0.65768   5 *
13061 0.65768   5 *
13061 0.65768   5 *
13062 0.65773   6 *
13062 0.65773   6 *
13060 0.65763   4 *
13061 0.65768   5 *
13061 0.65768   5 *
13060 0.65763   4 *
12782 0.64363 238                              *
12781 0.64358 237                              *
12780 0.64353 236                              *
12781 0.64358 237                              *
12781 0.64358 237                              *
12781 0.64358 237                              *
12782 0.64363 238                              *
12782 0.64363 238                              *
12781 0.64358 237                              *
12781 0.64358 237                              *
12780 0.64353 236                              *
12780 0.64353 236                              *
12778 0.64343 234                              *
12779 0.64348 235                              *
12779 0.64348 235                              *
12778 0.64343 234                              *
12777 0.64338 233                              *
12775 0.64328 231                             *
12775 0.64328 231                             *
12773 0.64318 229                             *
12773 0.64318 229                             *
12773 0.64318 229                             *
12771 0.64308 227                             *
12769 0.64298 225                             *
12769 0.64298 225                             *
12769 0.64298 225                             *
12767 0.64288 223                            *
12765 0.64278 221                            *
12764 0.64273 220                            *
12764 0.64273 220                            *
12764 0.64273 220                            *
12764 0.64273 220                            *
12763 0.64268 219                            *
12763 0.64268 219                            *
12760 0.64253 216                            *
12759 0.64248 215                           *
12759 0.64248 215                           *
12758 0.64243 214                           *
12758 0.64243 214                           *
12755 0.64228 211                           *
12750 0.64202 206                          *
12747 0.64187 203                          *
12745 0.64177 201                          *
12744 0.64172 200                          *
12742 0.64167 199                         *
12742 0.64162 198                         *
12740 0.64152 196                         *
12737 0.64137 193                         *
12729 0.64097 185                        *
12721 0.64056 177                       *
12717 0.64036 173                      *
12716 0.64036 173                      *
12716 0.64031 172                      *
12716 0.64031 172                      *
12709 0.63996 165                     *
12704 0.63971 160                     *
12700 0.63951 156                    *
12698 0.63940 154                    *
12697 0.63935 153                    *
12697 0.63935 153                    *
12696 0.63930 152                    *
12696 0.63930 152                    *
12696 0.63930 152                    *
12697 0.63935 153                    *
12697 0.63935 153                    *
12695 0.63925 151                   *
12688 0.63890 144                   *
12684 0.63870 140                  *
12684 0.63870 140                  *
12682 0.63860 138                  *
12653 0.63714 109              *
12692 0.63910 148                   *
12669 0.63794 125                *
12676 0.63830 132                 *
12696 0.63930 152                    *
12673 0.63815 129                 *
12681 0.63855 137                  *
12686 0.63880 142                  *
12686 0.63880 142                  *
12689 0.63895 145                   *
12691 0.63905 147                   *
12679 0.63845 135                 *
12699 0.63946 155                    *
12692 0.63910 148                   *
12689 0.63895 145                   *
12689 0.63895 145                   *
12690 0.63900 146                   *
12685 0.63875 141                  *
12686 0.63880 142                  *
12692 0.63910 148                   *
12697 0.63935 153                    *
12688 0.63890 144                   *
12687 0.63885 143                  *
12689 0.63895 145                   *
12691 0.63905 147                   *
12693 0.63915 149                   *
12694 0.63920 150                   *
12696 0.63930 152                    *
12698 0.63940 154                    *
12701 0.63956 157                    *
12703 0.63966 159                    *
12700 0.63951 156                    *
12703 0.63966 159                    *
12701 0.63956 157                    *
12703 0.63966 159                    *
12704 0.63971 160                     *
12703 0.63966 159                    *
12699 0.63946 155                    *
12697 0.63935 153                    *
12696 0.63930 152                    *
12696 0.63930 152                    *
12697 0.63935 153                    *
12699 0.63946 155                    *
12699 0.63946 155                    *
12702 0.63961 158                    *
12703 0.63966 159                    *
12701 0.63956 157                    *
12714 0.64021 170                      *
12716 0.64031 172                      *
12718 0.64041 174                      *
12716 0.64031 172                      *
12691 0.63905 147                   *
12701 0.63956 157                    *
12703 0.63966 159                    *
12707 0.63986 163                     *
12709 0.63996 165                     *
12709 0.63996 165                     *
12710 0.64001 166                     *
12711 0.64006 167                     *
12711 0.64006 167                     *
12707 0.63986 163                     *
12710 0.64001 166                     *
12708 0.63991 164                     *
12710 0.64001 166                     *
12710 0.64001 166                     *
12711 0.64006 167                     *
12711 0.64006 167                     *
12712 0.64011 168                      *
12713 0.64016 169                      *
12713 0.64016 169                      *
12714 0.64021 170                      *
12714 0.64021 170                      *
12714 0.64021 170                      *
12713 0.64016 169                      *
12714 0.64021 170                      *
12713 0.64016 169                      *
12712 0.64011 168                      *
12713 0.64016 169                      *
12710 0.64001 166                     *
12713 0.64016 169                      *
12711 0.64006 167                     *
12711 0.64006 167                     *
12709 0.63996 165                     *
12709 0.63996 165                     *
12708 0.63991 164                     *
12708 0.63991 164                     *
12707 0.63986 163                     *
12708 0.63991 164                     *
12707 0.63986 163                     *
12709 0.63996 165                     *
12709 0.63996 165                     *
12709 0.63996 165                     *
12709 0.63996 165                     *
12708 0.63991 164                     *
12709 0.63996 165                     *
12709 0.63996 165                     *
12708 0.63991 164                     *
12708 0.63991 164                     *
12708 0.63991 164                     *
12708 0.63991 164                     *
12708 0.63991 164                     *
12709 0.63996 165                     *
12708 0.63991 164                     *
12709 0.63996 165                     *
12710 0.64001 166                     *
12710 0.64001 166                     *
12710 0.64001 166                     *
12711 0.64006 167                     *
12710 0.64001 166                     *
12709 0.63996 165                     *
12710 0.64001 166                     *
12710 0.64001 166                     *
12710 0.64001 166                     *
12709 0.63996 165                     *
12709 0.63996 165                     *
12708 0.63991 164                     *
12708 0.63991 164                     *
12707 0.63986 163                     *
12708 0.63991 164                     *
12708 0.63991 164                     *
12707 0.63986 163                     *
12706 0.63981 162                     *
12706 0.63981 162                     *
12707 0.63986 163                     *
12706 0.63981 162                     *
12707 0.63986 163                     *
12707 0.63986 163                     *
12707 0.63986 163                     *
12707 0.63986 163                     *
12706 0.63981 162                     *
12706 0.63981 162                     *
12706 0.63981 162                     *
12704 0.63971 160                     *
12705 0.63976 161                     *
12704 0.63971 160                     *
12703 0.63966 159                    *
12704 0.63971 160                     *
12704 0.63971 160                     *
12704 0.63971 160                     *
12704 0.63971 160                     *
12703 0.63966 159                    *
12704 0.63971 160                     *
12705 0.63976 161                     *
12704 0.63971 160                     *
12705 0.63976 161                     *
12705 0.63976 161                     *
12705 0.63976 161                     *
12707 0.63986 163                     *
12708 0.63991 164                     *
12708 0.63991 164                     *
12709 0.63996 165                     *
12709 0.63996 165                     *
12709 0.63996 165                     *
12710 0.64001 166                     *
12709 0.63996 165                     *
12710 0.64001 166                     *
12711 0.64006 167                     *
12710 0.64001 166                     *
12711 0.64006 167                     *
12712 0.64011 168                      *
12711 0.64006 167                     *
12713 0.64016 169                      *
12712 0.64011 168                      *
12713 0.64016 169                      *
12714 0.64021 170                      *
12715 0.64026 171                      *
12714 0.64021 170                      *
12715 0.64026 171                      *
12716 0.64031 172                      *
12714 0.64021 170                      *
12716 0.64031 172                      *
12716 0.64031 172                      *
12716 0.64031 172                      *
12717 0.64036 173                      *
12717 0.64036 173                      *
12716 0.64031 172                      *
12717 0.64036 173                      *
12718 0.64041 174                      *
12718 0.64041 174                      *
12718 0.64041 174                      *
12718 0.64041 174                      *
12718 0.64041 174                      *
12719 0.64046 175                      *
12718 0.64041 174                      *
12720 0.64051 176                       *
12720 0.64051 176                       *
12720 0.64051 176                       *
12719 0.64046 175                      *
12721 0.64056 177                       *
12720 0.64051 176                       *
12720 0.64051 176                       *
12719 0.64046 175                      *
12720 0.64051 176                       *
12720 0.64051 176                       *
12721 0.64056 177                       *
12721 0.64056 177                       *
12721 0.64056 177                       *
12722 0.64061 178                       *
12723 0.64066 179                       *
12722 0.64061 178                       *
12722 0.64061 178                       *
12721 0.64056 177                       *
12722 0.64061 178                       *
12722 0.64061 178                       *
12723 0.64066 179                       *
12723 0.64066 179                       *
12724 0.64071 180                       *
12722 0.64061 178                       *
12723 0.64066 179                       *
12723 0.64066 179                       *
12724 0.64071 180                       *
12724 0.64071 180                       *
12724 0.64071 180                       *
12723 0.64066 179                       *
12723 0.64066 179                       *
12724 0.64071 180                       *
12724 0.64071 180                       *
12724 0.64071 180                       *
12725 0.64076 181                       *
12725 0.64076 181                       *
12726 0.64081 182                       *
12726 0.64081 182                       *
12726 0.64081 182                       *
12727 0.64087 183                       *
12726 0.64081 182                       *
12726 0.64081 182                       *
12726 0.64081 182                       *
12728 0.64092 184                        *
12727 0.64087 183                       *
12727 0.64087 183                       *
12728 0.64092 184                        *
12730 0.64102 186                        *
12729 0.64097 185                        *
12728 0.64092 184                        *
12729 0.64097 185                        *
12730 0.64102 186                        *
12730 0.64102 186                        *
12731 0.64107 187                        *
12730 0.64102 186                        *
12730 0.64102 186                        *
12731 0.64107 187                        *
12731 0.64107 187                        *
12732 0.64112 188                        *
12732 0.64112 188                        *
12732 0.64112 188                        *
12732 0.64112 188                        *
12732 0.64112 188                        *
12732 0.64112 188                        *
12732 0.64112 188                        *
12732 0.64112 188                        *
12733 0.64117 189                        *
12732 0.64112 188                        *
12733 0.64117 189                        *
12733 0.64117 189                        *
12733 0.64117 189                        *
12734 0.64122 190                        *
12734 0.64122 190                        *
12734 0.64122 190                        *
12734 0.64122 190                        *
12734 0.64122 190                        *
12734 0.64122 190                        *
12735 0.64127 191                        *
12736 0.64132 192                         *
12734 0.64122 190                        *
12735 0.64127 191                        *
12736 0.64132 192                         *
12735 0.64127 191                        *
12734 0.64122 190                        *
12736 0.64132 192                         *
12736 0.64132 192                         *
12738 0.64142 194                         *
12737 0.64142 194                         *
12738 0.64142 194                         *
12737 0.64137 193                         *
12737 0.64137 193                         *
12738 0.64142 194                         *
12739 0.64147 195                         *
12739 0.64147 195                         *
12738 0.64142 194                         *
12740 0.64152 196                         *
12741 0.64157 197                         *
12741 0.64157 197                         *
12740 0.64152 196                         *
12741 0.64157 197                         *
12741 0.64157 197                         *
12741 0.64157 197                         *
12741 0.64157 197                         *
12743 0.64167 199                         *
12742 0.64162 198                         *
12742 0.64162 198                         *
12742 0.64162 198                         *
12742 0.64162 198                         *
12743 0.64167 199                         *
12744 0.64172 200                          *
12743 0.64167 199                         *
12743 0.64167 199                         *
12744 0.64172 200                          *
12744 0.64172 200                          *
12744 0.64172 200                          *
12745 0.64177 201                          *
12745 0.64177 201                          *
12745 0.64177 201                          *
12746 0.64182 202                          *
12745 0.64177 201                          *
12745 0.64177 201                          *
12746 0.64182 202                          *
12748 0.64192 204                          *
12746 0.64182 202                          *
12748 0.64192 204                          *
12747 0.64187 203                          *
12747 0.64187 203                          *
12746 0.64182 202                          *
12747 0.64187 203                          *
12747 0.64187 203                          *
12747 0.64187 203                          *
12748 0.64192 204                          *
12748 0.64192 204                          *
12747 0.64187 203                          *
12747 0.64187 203                          *
12748 0.64192 204                          *
12748 0.64192 204                          *
12747 0.64187 203                          *
12749 0.64197 205                          *
12749 0.64197 205                          *
12749 0.64197 205                          *
12748 0.64192 204                          *
12747 0.64187 203                          *
12747 0.64187 203                          *
12750 0.64202 206                          *
12749 0.64197 205                          *
12750 0.64202 206                          *
12751 0.64207 207                          *
12751 0.64207 207                          *
12750 0.64202 206                          *
12751 0.64207 207                          *
12750 0.64202 206                          *
12753 0.64217 209                           *
12751 0.64207 207                          *
12751 0.64207 207                          *
12752 0.64212 208                           *
12752 0.64212 208                           *
12752 0.64212 208                           *
12752 0.64212 208                           *
12752 0.64212 208                           *
12752 0.64212 208                           *
12752 0.64212 208                           *
12754 0.64222 210                           *
12752 0.64212 208                           *
12753 0.64217 209                           *
12753 0.64217 209                           *
12753 0.64217 209                           *
12754 0.64222 210                           *
12753 0.64217 209                           *
12754 0.64222 210                           *
12755 0.64228 211                           *
12755 0.64228 211                           *
12754 0.64222 210                           *
12755 0.64228 211                           *
12755 0.64228 211                           *
12755 0.64228 211                           *
12756 0.64233 212                           *
12756 0.64233 212                           *
12756 0.64233 212                           *
12757 0.64238 213                           *
12756 0.64233 212                           *
12758 0.64243 214                           *
12757 0.64238 213                           *
12758 0.64243 214                           *
12758 0.64243 214                           *
12759 0.64248 215                           *
12759 0.64248 215                           *
12759 0.64248 215                           *
12760 0.64253 216                            *
12760 0.64253 216                            *
12760 0.64253 216                            *
12759 0.64248 215                           *
12760 0.64253 216                            *
12760 0.64253 216                            *
12760 0.64253 216                            *
12760 0.64253 216                            *
12761 0.64258 217                            *
12760 0.64253 216                            *
12762 0.64263 218                            *
12761 0.64258 217                            *
12761 0.64258 217                            *
12762 0.64263 218                            *
12762 0.64263 218                            *
12762 0.64263 218                            *
12762 0.64263 218                            *
12763 0.64268 219                            *
12763 0.64268 219                            *
12763 0.64268 219                            *
12763 0.64268 219                            *
12764 0.64273 220                            *
12763 0.64268 219                            *
12763 0.64268 219                            *
12765 0.64278 221                            *
12763 0.64268 219                            *
12764 0.64273 220                            *
12764 0.64273 220                            *
12764 0.64273 220                            *
12764 0.64273 220                            *
12765 0.64278 221                            *
12763 0.64268 219                            *
12765 0.64278 221                            *
12765 0.64278 221                            *
12765 0.64278 221                            *
12765 0.64278 221                            *
12765 0.64278 221                            *
12765 0.64278 221                            *
12766 0.64283 222                            *
12765 0.64278 221                            *
12765 0.64278 221                            *
12767 0.64288 223                            *
12765 0.64278 221                            *
12766 0.64283 222                            *
12766 0.64283 222                            *
12766 0.64283 222                            *
12767 0.64288 223                            *
12766 0.64283 222                            *
12767 0.64288 223                            *
12767 0.64288 223                            *
12767 0.64288 223                            *
12766 0.64283 222                            *
12767 0.64288 223                            *
12766 0.64283 222                            *
12766 0.64283 222                            *
12768 0.64293 224                             *
12768 0.64293 224                             *
12770 0.64303 226                             *
12768 0.64293 224                             *
12768 0.64293 224                             *
12769 0.64298 225                             *
12767 0.64288 223                            *
12768 0.64293 224                             *
12769 0.64298 225                             *
12769 0.64298 225                             *
12769 0.64298 225                             *
12769 0.64298 225                             *
12770 0.64303 226                             *
12768 0.64293 224                             *
12769 0.64298 225                             *
12768 0.64293 224                             *
12769 0.64298 225                             *
12770 0.64303 226                             *
12769 0.64298 225                             *
12770 0.64303 226                             *
12770 0.64303 226                             *
12770 0.64303 226                             *
12771 0.64303 226                             *
12771 0.64308 227                             *
12771 0.64308 227                             *
12771 0.64308 227                             *
12771 0.64308 227                             *
12771 0.64308 227                             *
12773 0.64318 229                             *
12773 0.64318 229                             *
12771 0.64308 227                             *
12772 0.64313 228                             *
12772 0.64313 228                             *
12771 0.64308 227                             *
12771 0.64308 227                             *
12772 0.64313 228                             *
12771 0.64308 227                             *
12772 0.64313 228                             *
12772 0.64313 228                             *
12771 0.64308 227                             *
12772 0.64313 228                             *
12772 0.64313 228                             *
12771 0.64308 227                             *
12772 0.64313 228                             *
12772 0.64313 228                             *
12772 0.64313 228                             *
12773 0.64318 229                             *
12773 0.64318 229                             *
12773 0.64318 229                             *
12771 0.64308 227                             *
12772 0.64313 228                             *
12773 0.64318 229                             *
12771 0.64308 227                             *
12770 0.64303 226                             *
12770 0.64303 226                             *
12771 0.64308 227                             *
12771 0.64308 227                             *
12771 0.64308 227                             *
12773 0.64318 229                             *
12772 0.64313 228                             *
12772 0.64313 228                             *
12770 0.64303 226                             *
12772 0.64313 228                             *
12772 0.64313 228                             *
12774 0.64323 230                             *
12774 0.64323 230                             *
12772 0.64313 228                             *
12773 0.64318 229                             *
12774 0.64323 230                             *
12774 0.64323 230                             *
12774 0.64323 230                             *
12774 0.64323 230                             *
12774 0.64323 230                             *
12774 0.64323 230                             *
12774 0.64323 230                             *
12774 0.64323 230                             *
12774 0.64323 230                             *
12773 0.64318 229                             *
12774 0.64323 230                             *
12774 0.64323 230                             *
12774 0.64323 230                             *
12773 0.64318 229                             *
12774 0.64323 230                             *
12774 0.64323 230                             *
12774 0.64323 230                             *
12774 0.64323 230                             *
12774 0.64323 230                             *
12774 0.64323 230                             *
12773 0.64318 229                             *
12775 0.64328 231                             *
12773 0.64318 229                             *
12773 0.64318 229                             *
12774 0.64323 230                             *
12774 0.64323 230                             *
12773 0.64318 229                             *
12771 0.64308 227                             *
12772 0.64313 228                             *
12773 0.64318 229                             *
12773 0.64318 229                             *
12773 0.64318 229                             *
12772 0.64313 228                             *
12772 0.64313 228                             *
12772 0.64313 228                             *
12772 0.64313 228                             *
12772 0.64313 228                             *
12771 0.64308 227                             *
12772 0.64313 228                             *
12772 0.64313 228                             *
12772 0.64313 228                             *
12771 0.64308 227                             *
12771 0.64308 227                             *
12771 0.64308 227                             *
12771 0.64308 227                             *
12771 0.64308 227                             *
12771 0.64308 227                             *
12771 0.64308 227                             *
12769 0.64298 225                             *
12771 0.64308 227                             *
12771 0.64308 227                             *
12771 0.64308 227                             *
12771 0.64308 227                             *
12771 0.64308 227                             *
12772 0.64313 228                             *
12772 0.64313 228                             *
12772 0.64313 228                             *
12772 0.64313 228                             *
12772 0.64313 228                             *
12772 0.64313 228                             *
12772 0.64313 228                             *
12771 0.64308 227                             *
12773 0.64318 229                             *
12773 0.64318 229                             *
12774 0.64323 230                             *
12773 0.64318 229                             *
12774 0.64323 230                             *
12774 0.64323 230                             *
12776 0.64333 232                              *
12774 0.64323 230                             *
12774 0.64323 230                             *
12774 0.64323 230                             *
12775 0.64328 231                             *
12774 0.64323 230                             *
12774 0.64323 230                             *
12773 0.64318 229                             *
12774 0.64323 230                             *
12774 0.64323 230                             *
12774 0.64323 230                             *
12773 0.64318 229                             *
12773 0.64318 229                             *
12772 0.64313 228                             *
12774 0.64323 230                             *
12774 0.64323 230                             *
12775 0.64328 231                             *
12775 0.64328 231                             *
12775 0.64328 231                             *
12775 0.64328 231                             *
12776 0.64333 232                              *
12776 0.64333 232                              *
12775 0.64328 231                             *
12776 0.64333 232                              *
12776 0.64333 232                              *
12776 0.64333 232                              *
12776 0.64333 232                              *
12777 0.64338 233                              *
12775 0.64328 231                             *
12775 0.64328 231                             *
12774 0.64323 230                             *
12776 0.64333 232                              *
12776 0.64333 232                              *
12775 0.64328 231                             *
12775 0.64328 231                             *
12775 0.64328 231                             *
12776 0.64333 232                              *
12775 0.64328 231                             *
12774 0.64323 230                             *
12776 0.64333 232                              *
12775 0.64328 231                             *
12775 0.64328 231                             *
12776 0.64333 232                              *
12776 0.64333 232                              *
12775 0.64328 231                             *
12775 0.64328 231                             *
12775 0.64328 231                             *
12776 0.64333 232                              *
12776 0.64333 232                              *
12775 0.64328 231                             *
12776 0.64333 232                              *
12777 0.64338 233                              *
12775 0.64328 231                             *
12776 0.64333 232                              *
12776 0.64333 232                              *
12775 0.64328 231                             *
12775 0.64328 231                             *
12775 0.64328 231                             *
12775 0.64328 231                             *
12776 0.64333 232                              *
12775 0.64328 231                             *
12775 0.64328 231                             *
12774 0.64323 230                             *
12774 0.64323 230                             *
12775 0.64328 231                             *
12775 0.64328 231                             *
12774 0.64323 230                             *
12774 0.64323 230                             *
12774 0.64323 230                             *
12773 0.64318 229                             *
12773 0.64318 229                             *
12775 0.64328 231                             *
12774 0.64323 230                             *
12774 0.64323 230                             *
12774 0.64323 230                             *
12774 0.64323 230                             *
12775 0.64328 231                             *
12774 0.64323 230                             *
12774 0.64323 230                             *
12774 0.64323 230                             *
12775 0.64328 231                             *
12775 0.64328 231                             *
12775 0.64328 231                             *
12775 0.64328 231                             *
12775 0.64328 231                             *
12775 0.64328 231                             *
12775 0.64328 231                             *
12775 0.64328 231                             *
12774 0.64323 230                             *
12776 0.64333 232                              *
12775 0.64328 231                             *
12776 0.64333 232                              *
12777 0.64338 233                              *
12777 0.64338 233                              *
12777 0.64338 233                              *
12776 0.64333 232                              *
12775 0.64328 231                             *
12776 0.64333 232                              *
12778 0.64343 234                              *
12777 0.64338 233                              *
12777 0.64338 233                              *
12777 0.64338 233                              *
12777 0.64338 233                              *
12776 0.64333 232                              *
12776 0.64333 232                              *
12777 0.64338 233                              *
12775 0.64328 231                             *
12776 0.64333 232                              *
12775 0.64328 231                             *
12777 0.64338 233                              *
12776 0.64333 232                              *
12776 0.64333 232                              *
12775 0.64328 231                             *
12775 0.64328 231                             *
12776 0.64333 232                              *
12775 0.64328 231                             *
12776 0.64333 232                              *
12775 0.64328 231                             *
12776 0.64333 232                              *
12775 0.64328 231                             *
12774 0.64323 230                             *
12775 0.64328 231                             *
12777 0.64338 233                              *
12776 0.64333 232                              *
12775 0.64328 231                             *
12776 0.64333 232                              *
12775 0.64328 231                             *
12775 0.64328 231                             *
12777 0.64338 233                              *
12776 0.64333 232                              *
12777 0.64338 233                              *
12776 0.64333 232                              *
12777 0.64338 233                              *
12777 0.64338 233                              *
12777 0.64338 233                              *
12777 0.64338 233                              *
12777 0.64338 233                              *
12777 0.64338 233                              *
12777 0.64338 233                              *
12777 0.64338 233                              *
12778 0.64343 234                              *
12776 0.64333 232                              *
12777 0.64338 233                              *
12778 0.64343 234                              *
12776 0.64333 232                              *
12777 0.64338 233                              *
12778 0.64343 234                              *
12777 0.64338 233                              *
12778 0.64343 234                              *
12777 0.64338 233                              *
12778 0.64343 234                              *
12777 0.64338 233                              *
12777 0.64338 233                              *
12777 0.64338 233                              *
12778 0.64343 234                              *
12777 0.64338 233                              *
12777 0.64338 233                              *
12779 0.64348 235                              *
12778 0.64343 234                              *
12777 0.64338 233                              *
12777 0.64338 233                              *
12778 0.64343 234                              *
12777 0.64338 233                              *
12777 0.64338 233                              *
12777 0.64338 233                              *
12777 0.64338 233                              *
12777 0.64338 233                              *
12778 0.64343 234                              *
12778 0.64343 234                              *
12779 0.64348 235                              *
12777 0.64338 233                              *
12778 0.64343 234                              *
12778 0.64343 234                              *
12778 0.64343 234                              *
12778 0.64343 234                              *
12779 0.64348 235                              *
12778 0.64343 234                              *
12778 0.64343 234                              *
12778 0.64343 234                              *
12778 0.64343 234                              *
12778 0.64343 234                              *
12779 0.64348 235                              *
12778 0.64343 234                              *
12778 0.64343 234                              *
12780 0.64353 236                              *
12779 0.64348 235                              *
12778 0.64343 234                              *
12778 0.64343 234                              *
12778 0.64343 234                              *
12777 0.64338 233                              *
12777 0.64338 233                              *
12777 0.64338 233                              *
12778 0.64343 234                              *
12777 0.64338 233                              *
12778 0.64343 234                              *
12777 0.64338 233                              *
12777 0.64338 233                              *
12776 0.64333 232                              *
12778 0.64343 234                              *
12777 0.64338 233                              *
12776 0.64333 232                              *
12777 0.64338 233                              *
12777 0.64338 233                              *
12777 0.64338 233                              *
12777 0.64338 233                              *
12778 0.64343 234                              *
12778 0.64343 234                              *
12777 0.64338 233                              *
12777 0.64338 233                              *
12777 0.64338 233                              *
12777 0.64338 233                              *
12777 0.64338 233                              *
12777 0.64338 233                              *
12776 0.64333 232                              *
12776 0.64333 232                              *
12775 0.64328 231                             *
12776 0.64333 232                              *
12776 0.64333 232                              *
12776 0.64333 232                              *
12775 0.64328 231                             *
12775 0.64328 231                             *
12775 0.64328 231                             *
12774 0.64323 230                             *
12775 0.64328 231                             *
12775 0.64328 231                             *
12775 0.64328 231                             *
12775 0.64328 231                             *
12776 0.64333 232                              *
12775 0.64328 231                             *
12775 0.64328 231                             *
12775 0.64328 231                             *
12775 0.64328 231                             *
12774 0.64323 230                             *
12772 0.64313 228                             *
12773 0.64318 229                             *
12774 0.64323 230                             *
12773 0.64318 229                             *
12773 0.64318 229                             *
12774 0.64323 230                             *
12773 0.64318 229                             *
12774 0.64323 230                             *
12773 0.64318 229                             *
12773 0.64318 229                             *
12773 0.64318 229                             *
12772 0.64313 228                             *
12774 0.64323 230                             *
12773 0.64318 229                             *
12773 0.64318 229                             *
12773 0.64318 229                             *
12774 0.64323 230                             *
12773 0.64318 229                             *
12772 0.64313 228                             *
12772 0.64313 228                             *
12773 0.64318 229                             *
12773 0.64318 229                             *
12773 0.64318 229                             *
12774 0.64323 230                             *
12772 0.64313 228                             *
12773 0.64318 229                             *
12774 0.64323 230                             *
12773 0.64318 229                             *
12773 0.64318 229                             *
12772 0.64313 228                             *
12773 0.64318 229                             *
12772 0.64313 228                             *
12772 0.64313 228                             *
12774 0.64323 230                             *
12773 0.64318 229                             *
12773 0.64318 229                             *
12773 0.64318 229                             *
12775 0.64328 231                             *
12774 0.64323 230                             *
12774 0.64323 230                             *
12774 0.64323 230                             *
12774 0.64323 230                             *
12773 0.64318 229                             *
12775 0.64328 231                             *
12774 0.64323 230                             *
12773 0.64318 229                             *
12774 0.64323 230                             *
12775 0.64328 231                             *
12774 0.64323 230                             *
12774 0.64323 230                             *
12775 0.64328 231                             *
12774 0.64323 230                             *
12775 0.64328 231                             *
12773 0.64318 229                             *
12775 0.64328 231                             *
12775 0.64328 231                             *
12774 0.64323 230                             *
12773 0.64318 229                             *
12774 0.64323 230                             *
12774 0.64323 230                             *
12775 0.64328 231                             *
12774 0.64323 230                             *
12774 0.64323 230                             *
12775 0.64328 231                             *
12774 0.64323 230                             *
12773 0.64318 229                             *
12773 0.64318 229                             *
12773 0.64318 229                             *
12774 0.64323 230                             *
12773 0.64318 229                             *
12773 0.64318 229                             *
12774 0.64323 230                             *
12773 0.64318 229                             *
12772 0.64313 228                             *
12772 0.64313 228                             *
12772 0.64313 228                             *
12773 0.64318 229                             *
12772 0.64313 228                             *
12773 0.64318 229                             *
12773 0.64318 229                             *
12773 0.64318 229                             *
12774 0.64323 230                             *
12773 0.64318 229                             *
12772 0.64313 228                             *
12772 0.64313 228                             *
12771 0.64308 227                             *
12772 0.64313 228                             *
12772 0.64313 228                             *
12772 0.64313 228                             *
12771 0.64308 227                             *
12771 0.64308 227                             *
12772 0.64313 228                             *
12773 0.64318 229                             *
12772 0.64313 228                             *
12772 0.64313 228                             *
12771 0.64308 227                             *
12772 0.64313 228                             *
12771 0.64308 227                             *
12771 0.64308 227                             *
12771 0.64308 227                             *
12772 0.64313 228                             *
12771 0.64308 227                             *
12771 0.64308 227                             *
12770 0.64303 226                             *
12771 0.64308 227                             *
12771 0.64308 227                             *
12771 0.64308 227                             *
12771 0.64308 227                             *
12771 0.64308 227                             *
12770 0.64303 226                             *
12769 0.64298 225                             *
12770 0.64303 226                             *
12771 0.64308 227                             *
12770 0.64303 226                             *
12770 0.64303 226                             *
12769 0.64298 225                             *
12770 0.64303 226                             *
12770 0.64303 226                             *
12769 0.64298 225                             *
12770 0.64303 226                             *
12769 0.64298 225                             *
12769 0.64298 225                             *
12769 0.64298 225                             *
12769 0.64298 225                             *
12769 0.64298 225                             *
12768 0.64293 224                             *
12769 0.64298 225                             *
12769 0.64298 225                             *
12769 0.64298 225                             *
12770 0.64303 226                             *
12770 0.64303 226                             *
12770 0.64303 226                             *
12771 0.64308 227                             *
12771 0.64308 227                             *
12771 0.64308 227                             *
12770 0.64303 226                             *
12769 0.64298 225                             *
12771 0.64308 227                             *
12770 0.64303 226                             *
12771 0.64308 227                             *
12771 0.64308 227                             *
12771 0.64308 227                             *
12770 0.64303 226                             *
12771 0.64308 227                             *
12772 0.64313 228                             *
12776 0.64333 232                              *
12772 0.64313 228                             *
12774 0.64323 230                     